s 100.000000 50.000000
s 140.000000 50.000000
l 1.000000 0.000000 120.000000
s 150.000000 50.000000
l 1.000000 0.000000 145.000000
s 50.000000 100.000000
l -1.000000 1.000000 0.000000
s 150.000000 140.000000
l 0.000000 1.000000 95.000000
s 250.000000 140.000000
l 1.000000 0.900000 285.500000
v 145.000000 95.000000
l 0.111111 1.000000 111.111115
v 120.000000 97.777779
e 5 1 0
l 0.555556 1.000000 164.444443
v 105.714279 105.714279
e 6 2 1
l 1.000000 0.400000 148.000000
v 200.000000 95.000000
e 3 0 3
l 1.000000 0.000000 200.000000
s 200.000000 200.000000
l 0.833333 1.000000 315.833344
v 200.000000 149.166687
e 8 4 3
l -0.833333 1.000000 -17.500000
s 100.000000 250.000000
l -0.454545 1.000000 138.181824
s 140.000000 250.000000
l -0.090909 1.000000 181.818176
v 145.000031 195.000000
e 9 5 4
l 1.000000 -0.833333 -17.500000
v 78.461525 173.846161
e 7 6 2
l 0.333333 1.000000 200.000000
v 119.999969 192.727280
e 11 6 7
e 12 7 5
l 1.000000 0.000000 120.000000
e 2 -1 2
e 14 -1 6
e 15 -1 7
e 13 5 -1
e 10 4 -1
e 4 3 -1
e 1 0 -1
e 0 1 -1
